[[98.64885711669922, 167.14527893066406, 21.833724975585938, 59.45096969604492],
[107.64891815185547, 276.7065124511719, 9.070068359375, 68.74214935302734],
[199.927001953125, 210.92469787597656, -1.7855987548828125, 46.5333251953125],
[269.6348876953125, 86.63639831542969, 6.7630767822265625, 17.812734603881836],
[281.8746032714844, 6.111874103546143, 9.782424926757812, 1.2421470880508423],
[-31.772005081176758, 283.0789794921875, 13.580009460449219, 96.40391540527344],
[267.6036682128906, 104.37117767333984, 38.12188720703125, 21.306852340698242],
[17.03550148010254, 206.60028076171875, 24.749061584472656, 85.28626251220703],
[-147.0870819091797, 150.53497314453125, 23.33258056640625, 134.3362579345703],
[-63.48630905151367, 199.16429138183594, 24.319725036621094, 107.68038177490234],
[-214.8988037109375, 184.41395568847656, 13.049461364746094, 139.3656768798828],
[158.25425720214844, 107.86247253417969, 19.28522491455078, 34.277442932128906],
[268.2613525390625, -62.58128356933594, -1.3473587036132812, -13.13138198852539],
[237.08950805664062, 170.90798950195312, 3.4943771362304688, 35.7862663269043],
[124.33507537841797, 238.7954864501953, 40.15644073486328, 62.495086669921875],
[181.44271850585938, 60.6201057434082, 19.15203094482422, 18.47450065612793]]

  movements = [
    [235.9379425048828, 8.170378684997559, 5.309715270996094, 1.9833234548568726, True],
    [219.79217529296875, -87.26564025878906, 5.309715270996094, -21.654911041259766, True],
    [163.7543487548828, -170.5627899169922, 5.309715270996094, -46.16667556762695, True],
    [235.9379425048828, 8.170378684997559, 5.309715270996094, 1.9833234548568726, True],
    [52.93641662597656, -230.35374450683594, 5.309715270996094, -77.05785369873047, True],
    [186.04794311523438, 98.2791519165039, 5.309715270996094, 27.845088958740234, True],
    [91.06847381591797, 191.6711883544922, 5.309715270996094, 64.58626556396484, True],
    [-7.536583423614502, 220.5813446044922, 5.309715270996094, 91.95685577392578, True],
    [235.9379425048828, 8.170378684997559, 5.309715270996094, 1.9833234548568726, True],
    [209.1031951904297, 216.96316528320312, -9.302131652832031, 46.056854248046875, True],
    [282.0387878417969, -106.8825912475586, -6.935401916503906, -20.754911422729492,True],
    [212.19943237304688, -174.7347869873047, -5.416999816894531, -39.4696159362793, True]
  ]